phi,gamma,category
0.51,0.21,2
0.51,0.22,2
0.51,0.23,2
0.51,0.24,2
0.51,0.25,3
0.51,0.26,3
0.51,0.27,3
0.51,0.28,7
0.51,0.29,1
0.51,0.2,2
0.51,0.31,1
0.51,0.32,1
0.51,0.33,1
0.51,0.34,1
0.51,0.35,1
0.51,0.36,1
0.51,0.37,1
0.51,0.38,1
0.51,0.39,1
0.51,0.3,1
0.51,0.41,1
0.51,0.42,1
0.51,0.43,1
0.51,0.44,1
0.51,0.45,1
0.51,0.46,1
0.51,0.47,1
0.51,0.48,1
0.51,0.49,1
0.51,0.4,1
0.51,0.51,1
0.51,0.52,1
0.51,0.53,1
0.51,0.54,1
0.51,0.5,1
0.52,0.21,2
0.52,0.22,2
0.52,0.23,2
0.52,0.24,2
0.52,0.25,3
0.52,0.26,3
0.52,0.27,3
0.52,0.28,3
0.52,0.29,1
0.52,0.2,2
0.52,0.31,1
0.52,0.32,1
0.52,0.33,1
0.52,0.34,1
0.52,0.35,1
0.52,0.36,1
0.52,0.37,1
0.52,0.38,1
0.52,0.39,1
0.52,0.3,1
0.52,0.41,1
0.52,0.42,1
0.52,0.43,1
0.52,0.44,1
0.52,0.45,1
0.52,0.46,1
0.52,0.47,1
0.52,0.48,1
0.52,0.49,1
0.52,0.4,1
0.52,0.51,1
0.52,0.52,1
0.52,0.53,1
0.52,0.54,1
0.52,0.5,1
0.53,0.21,2
0.53,0.22,2
0.53,0.23,2
0.53,0.24,2
0.53,0.25,2
0.53,0.26,3
0.53,0.27,3
0.53,0.28,3
0.53,0.29,7
0.53,0.2,2
0.53,0.31,1
0.53,0.32,1
0.53,0.33,1
0.53,0.34,1
0.53,0.35,1
0.53,0.36,1
0.53,0.37,1
0.53,0.38,1
0.53,0.39,1
0.53,0.3,1
0.53,0.41,1
0.53,0.42,1
0.53,0.43,1
0.53,0.44,1
0.53,0.45,1
0.53,0.46,1
0.53,0.47,1
0.53,0.48,1
0.53,0.49,1
0.53,0.4,1
0.53,0.51,1
0.53,0.52,1
0.53,0.53,1
0.53,0.54,1
0.53,0.5,1
0.54,0.21,2
0.54,0.22,2
0.54,0.23,2
0.54,0.24,2
0.54,0.25,2
0.54,0.26,3
0.54,0.27,3
0.54,0.28,3
0.54,0.29,3
0.54,0.2,2
0.54,0.31,1
0.54,0.32,1
0.54,0.33,1
0.54,0.34,1
0.54,0.35,1
0.54,0.36,1
0.54,0.37,1
0.54,0.38,1
0.54,0.39,1
0.54,0.3,7
0.54,0.41,1
0.54,0.42,1
0.54,0.43,1
0.54,0.44,1
0.54,0.45,1
0.54,0.46,1
0.54,0.47,1
0.54,0.48,1
0.54,0.49,1
0.54,0.4,1
0.54,0.51,1
0.54,0.52,1
0.54,0.53,1
0.54,0.54,1
0.54,0.5,1
0.55,0.21,2
0.55,0.22,2
0.55,0.23,2
0.55,0.24,2
0.55,0.25,2
0.55,0.26,2
0.55,0.27,3
0.55,0.28,3
0.55,0.29,3
0.55,0.2,2
0.55,0.31,1
0.55,0.32,1
0.55,0.33,1
0.55,0.34,1
0.55,0.35,1
0.55,0.36,1
0.55,0.37,1
0.55,0.38,1
0.55,0.39,1
0.55,0.3,3
0.55,0.41,1
0.55,0.42,1
0.55,0.43,1
0.55,0.44,1
0.55,0.45,1
0.55,0.46,1
0.55,0.47,1
0.55,0.48,1
0.55,0.49,1
0.55,0.4,1
0.55,0.51,1
0.55,0.52,1
0.55,0.53,1
0.55,0.54,1
0.55,0.5,1
0.56,0.21,2
0.56,0.22,2
0.56,0.23,2
0.56,0.24,2
0.56,0.25,2
0.56,0.26,2
0.56,0.27,3
0.56,0.28,3
0.56,0.29,3
0.56,0.2,2
0.56,0.31,7
0.56,0.32,1
0.56,0.33,1
0.56,0.34,1
0.56,0.35,1
0.56,0.36,1
0.56,0.37,1
0.56,0.38,1
0.56,0.39,1
0.56,0.3,3
0.56,0.41,1
0.56,0.42,1
0.56,0.43,1
0.56,0.44,1
0.56,0.45,1
0.56,0.46,1
0.56,0.47,1
0.56,0.48,1
0.56,0.49,1
0.56,0.4,1
0.56,0.51,1
0.56,0.52,1
0.56,0.53,1
0.56,0.54,1
0.56,0.5,1
0.57,0.21,2
0.57,0.22,2
0.57,0.23,2
0.57,0.24,2
0.57,0.25,2
0.57,0.26,2
0.57,0.27,2
0.57,0.28,3
0.57,0.29,3
0.57,0.2,2
0.57,0.31,3
0.57,0.32,7
0.57,0.33,1
0.57,0.34,1
0.57,0.35,1
0.57,0.36,1
0.57,0.37,1
0.57,0.38,1
0.57,0.39,1
0.57,0.3,3
0.57,0.41,1
0.57,0.42,1
0.57,0.43,1
0.57,0.44,1
0.57,0.45,1
0.57,0.46,1
0.57,0.47,1
0.57,0.48,1
0.57,0.49,1
0.57,0.4,1
0.57,0.51,1
0.57,0.52,1
0.57,0.53,1
0.57,0.54,1
0.57,0.5,1
0.58,0.21,2
0.58,0.22,2
0.58,0.23,2
0.58,0.24,2
0.58,0.25,2
0.58,0.26,2
0.58,0.27,2
0.58,0.28,3
0.58,0.29,3
0.58,0.2,2
0.58,0.31,3
0.58,0.32,3
0.58,0.33,1
0.58,0.34,1
0.58,0.35,1
0.58,0.36,1
0.58,0.37,1
0.58,0.38,1
0.58,0.39,1
0.58,0.3,3
0.58,0.41,1
0.58,0.42,1
0.58,0.43,1
0.58,0.44,1
0.58,0.45,1
0.58,0.46,1
0.58,0.47,1
0.58,0.48,1
0.58,0.49,1
0.58,0.4,1
0.58,0.51,1
0.58,0.52,1
0.58,0.53,1
0.58,0.54,1
0.58,0.5,1
0.59,0.21,2
0.59,0.22,2
0.59,0.23,2
0.59,0.24,2
0.59,0.25,2
0.59,0.26,2
0.59,0.27,2
0.59,0.28,2
0.59,0.29,3
0.59,0.2,2
0.59,0.31,3
0.59,0.32,3
0.59,0.33,7
0.59,0.34,1
0.59,0.35,1
0.59,0.36,1
0.59,0.37,1
0.59,0.38,1
0.59,0.39,1
0.59,0.3,3
0.59,0.41,1
0.59,0.42,1
0.59,0.43,1
0.59,0.44,1
0.59,0.45,1
0.59,0.46,1
0.59,0.47,1
0.59,0.48,1
0.59,0.49,1
0.59,0.4,1
0.59,0.51,1
0.59,0.52,1
0.59,0.53,1
0.59,0.54,1
0.59,0.5,1
0.5,0.21,2
0.5,0.22,2
0.5,0.23,2
0.5,0.24,3
0.5,0.25,3
0.5,0.26,3
0.5,0.27,3
0.5,0.28,1
0.5,0.29,1
0.5,0.2,2
0.5,0.31,1
0.5,0.32,1
0.5,0.33,1
0.5,0.34,1
0.5,0.35,1
0.5,0.36,1
0.5,0.37,1
0.5,0.38,1
0.5,0.39,1
0.5,0.3,1
0.5,0.41,1
0.5,0.42,1
0.5,0.43,1
0.5,0.44,1
0.5,0.45,1
0.5,0.46,1
0.5,0.47,1
0.5,0.48,1
0.5,0.49,1
0.5,0.4,1
0.5,0.51,1
0.5,0.52,1
0.5,0.53,1
0.5,0.54,1
0.5,0.5,1
0.61,0.21,2
0.61,0.22,2
0.61,0.23,2
0.61,0.24,2
0.61,0.25,2
0.61,0.26,2
0.61,0.27,2
0.61,0.28,2
0.61,0.29,2
0.61,0.2,2
0.61,0.31,3
0.61,0.32,3
0.61,0.33,3
0.61,0.34,3
0.61,0.35,1
0.61,0.36,1
0.61,0.37,1
0.61,0.38,1
0.61,0.39,1
0.61,0.3,3
0.61,0.41,1
0.61,0.42,1
0.61,0.43,1
0.61,0.44,1
0.61,0.45,1
0.61,0.46,1
0.61,0.47,1
0.61,0.48,1
0.61,0.49,1
0.61,0.4,1
0.61,0.51,1
0.61,0.52,1
0.61,0.53,1
0.61,0.54,1
0.61,0.5,1
0.62,0.21,2
0.62,0.22,2
0.62,0.23,2
0.62,0.24,2
0.62,0.25,2
0.62,0.26,2
0.62,0.27,2
0.62,0.28,2
0.62,0.29,2
0.62,0.2,2
0.62,0.31,3
0.62,0.32,3
0.62,0.33,3
0.62,0.34,3
0.62,0.35,7
0.62,0.36,1
0.62,0.37,1
0.62,0.38,1
0.62,0.39,1
0.62,0.3,3
0.62,0.41,1
0.62,0.42,1
0.62,0.43,1
0.62,0.44,1
0.62,0.45,1
0.62,0.46,1
0.62,0.47,1
0.62,0.48,1
0.62,0.49,1
0.62,0.4,1
0.62,0.51,1
0.62,0.52,1
0.62,0.53,1
0.62,0.54,1
0.62,0.5,1
0.63,0.21,2
0.63,0.22,2
0.63,0.23,2
0.63,0.24,2
0.63,0.25,2
0.63,0.26,2
0.63,0.27,2
0.63,0.28,2
0.63,0.29,2
0.63,0.2,2
0.63,0.31,3
0.63,0.32,3
0.63,0.33,3
0.63,0.34,3
0.63,0.35,3
0.63,0.36,7
0.63,0.37,1
0.63,0.38,1
0.63,0.39,1
0.63,0.3,2
0.63,0.41,1
0.63,0.42,1
0.63,0.43,1
0.63,0.44,1
0.63,0.45,1
0.63,0.46,1
0.63,0.47,1
0.63,0.48,1
0.63,0.49,1
0.63,0.4,1
0.63,0.51,1
0.63,0.52,1
0.63,0.53,1
0.63,0.54,1
0.63,0.5,1
0.64,0.21,2
0.64,0.22,2
0.64,0.23,2
0.64,0.24,2
0.64,0.25,2
0.64,0.26,2
0.64,0.27,2
0.64,0.28,2
0.64,0.29,2
0.64,0.2,2
0.64,0.31,3
0.64,0.32,3
0.64,0.33,3
0.64,0.34,3
0.64,0.35,3
0.64,0.36,3
0.64,0.37,1
0.64,0.38,1
0.64,0.39,1
0.64,0.3,2
0.64,0.41,1
0.64,0.42,1
0.64,0.43,1
0.64,0.44,1
0.64,0.45,1
0.64,0.46,1
0.64,0.47,1
0.64,0.48,1
0.64,0.49,1
0.64,0.4,1
0.64,0.51,1
0.64,0.52,1
0.64,0.53,1
0.64,0.54,1
0.64,0.5,1
0.65,0.21,2
0.65,0.22,2
0.65,0.23,2
0.65,0.24,2
0.65,0.25,2
0.65,0.26,2
0.65,0.27,2
0.65,0.28,2
0.65,0.29,2
0.65,0.2,2
0.65,0.31,2
0.65,0.32,3
0.65,0.33,3
0.65,0.34,3
0.65,0.35,3
0.65,0.36,3
0.65,0.37,7
0.65,0.38,1
0.65,0.39,1
0.65,0.3,2
0.65,0.41,1
0.65,0.42,1
0.65,0.43,1
0.65,0.44,1
0.65,0.45,1
0.65,0.46,1
0.65,0.47,1
0.65,0.48,1
0.65,0.49,1
0.65,0.4,1
0.65,0.51,1
0.65,0.52,1
0.65,0.53,1
0.65,0.54,1
0.65,0.5,1
0.66,0.21,2
0.66,0.22,2
0.66,0.23,2
0.66,0.24,2
0.66,0.25,2
0.66,0.26,2
0.66,0.27,2
0.66,0.28,2
0.66,0.29,2
0.66,0.2,2
0.66,0.31,2
0.66,0.32,3
0.66,0.33,3
0.66,0.34,3
0.66,0.35,3
0.66,0.36,3
0.66,0.37,3
0.66,0.38,7
0.66,0.39,1
0.66,0.3,2
0.66,0.41,1
0.66,0.42,1
0.66,0.43,1
0.66,0.44,1
0.66,0.45,1
0.66,0.46,1
0.66,0.47,1
0.66,0.48,1
0.66,0.49,1
0.66,0.4,1
0.66,0.51,1
0.66,0.52,1
0.66,0.53,1
0.66,0.54,1
0.66,0.5,1
0.67,0.21,2
0.67,0.22,2
0.67,0.23,2
0.67,0.24,2
0.67,0.25,2
0.67,0.26,2
0.67,0.27,2
0.67,0.28,2
0.67,0.29,2
0.67,0.2,2
0.67,0.31,2
0.67,0.32,2
0.67,0.33,3
0.67,0.34,3
0.67,0.35,3
0.67,0.36,3
0.67,0.37,3
0.67,0.38,3
0.67,0.39,1
0.67,0.3,2
0.67,0.41,1
0.67,0.42,1
0.67,0.43,1
0.67,0.44,1
0.67,0.45,1
0.67,0.46,1
0.67,0.47,1
0.67,0.48,1
0.67,0.49,1
0.67,0.4,1
0.67,0.51,1
0.67,0.52,1
0.67,0.53,1
0.67,0.54,1
0.67,0.5,1
0.68,0.21,2
0.68,0.22,2
0.68,0.23,2
0.68,0.24,2
0.68,0.25,2
0.68,0.26,2
0.68,0.27,2
0.68,0.28,2
0.68,0.29,2
0.68,0.2,2
0.68,0.31,2
0.68,0.32,2
0.68,0.33,3
0.68,0.34,3
0.68,0.35,3
0.68,0.36,3
0.68,0.37,3
0.68,0.38,3
0.68,0.39,7
0.68,0.3,2
0.68,0.41,1
0.68,0.42,1
0.68,0.43,1
0.68,0.44,1
0.68,0.45,1
0.68,0.46,1
0.68,0.47,1
0.68,0.48,1
0.68,0.49,1
0.68,0.4,1
0.68,0.51,1
0.68,0.52,1
0.68,0.53,1
0.68,0.54,1
0.68,0.5,1
0.69,0.21,2
0.69,0.22,2
0.69,0.23,2
0.69,0.24,2
0.69,0.25,2
0.69,0.26,2
0.69,0.27,2
0.69,0.28,2
0.69,0.29,2
0.69,0.2,2
0.69,0.31,2
0.69,0.32,2
0.69,0.33,2
0.69,0.34,3
0.69,0.35,3
0.69,0.36,3
0.69,0.37,3
0.69,0.38,3
0.69,0.39,3
0.69,0.3,2
0.69,0.41,1
0.69,0.42,1
0.69,0.43,1
0.69,0.44,1
0.69,0.45,1
0.69,0.46,1
0.69,0.47,1
0.69,0.48,1
0.69,0.49,1
0.69,0.4,7
0.69,0.51,1
0.69,0.52,1
0.69,0.53,1
0.69,0.54,1
0.69,0.5,1
0.6,0.21,2
0.6,0.22,2
0.6,0.23,2
0.6,0.24,2
0.6,0.25,2
0.6,0.26,2
0.6,0.27,2
0.6,0.28,2
0.6,0.29,3
0.6,0.2,2
0.6,0.31,3
0.6,0.32,3
0.6,0.33,3
0.6,0.34,7
0.6,0.35,1
0.6,0.36,1
0.6,0.37,1
0.6,0.38,1
0.6,0.39,1
0.6,0.3,3
0.6,0.41,1
0.6,0.42,1
0.6,0.43,1
0.6,0.44,1
0.6,0.45,1
0.6,0.46,1
0.6,0.47,1
0.6,0.48,1
0.6,0.49,1
0.6,0.4,1
0.6,0.51,1
0.6,0.52,1
0.6,0.53,1
0.6,0.54,1
0.6,0.5,1
0.71,0.21,2
0.71,0.22,2
0.71,0.23,2
0.71,0.24,2
0.71,0.25,2
0.71,0.26,2
0.71,0.27,2
0.71,0.28,2
0.71,0.29,2
0.71,0.2,2
0.71,0.31,2
0.71,0.32,2
0.71,0.33,2
0.71,0.34,2
0.71,0.35,3
0.71,0.36,3
0.71,0.37,3
0.71,0.38,3
0.71,0.39,3
0.71,0.3,2
0.71,0.41,7
0.71,0.42,1
0.71,0.43,1
0.71,0.44,1
0.71,0.45,1
0.71,0.46,1
0.71,0.47,1
0.71,0.48,1
0.71,0.49,1
0.71,0.4,3
0.71,0.51,1
0.71,0.52,1
0.71,0.53,1
0.71,0.54,1
0.71,0.5,1
0.72,0.21,2
0.72,0.22,2
0.72,0.23,2
0.72,0.24,2
0.72,0.25,2
0.72,0.26,2
0.72,0.27,2
0.72,0.28,2
0.72,0.29,2
0.72,0.2,2
0.72,0.31,2
0.72,0.32,2
0.72,0.33,2
0.72,0.34,2
0.72,0.35,2
0.72,0.36,3
0.72,0.37,3
0.72,0.38,3
0.72,0.39,4
0.72,0.3,2
0.72,0.41,3
0.72,0.42,7
0.72,0.43,1
0.72,0.44,1
0.72,0.45,1
0.72,0.46,1
0.72,0.47,1
0.72,0.48,1
0.72,0.49,1
0.72,0.4,4
0.72,0.51,1
0.72,0.52,1
0.72,0.53,1
0.72,0.54,1
0.72,0.5,1
0.73,0.21,2
0.73,0.22,2
0.73,0.23,2
0.73,0.24,2
0.73,0.25,2
0.73,0.26,2
0.73,0.27,2
0.73,0.28,2
0.73,0.29,2
0.73,0.2,2
0.73,0.31,2
0.73,0.32,2
0.73,0.33,2
0.73,0.34,2
0.73,0.35,2
0.73,0.36,3
0.73,0.37,3
0.73,0.38,3
0.73,0.39,4
0.73,0.3,2
0.73,0.41,4
0.73,0.42,7
0.73,0.43,1
0.73,0.44,1
0.73,0.45,1
0.73,0.46,1
0.73,0.47,1
0.73,0.48,1
0.73,0.49,1
0.73,0.4,4
0.73,0.51,1
0.73,0.52,1
0.73,0.53,1
0.73,0.54,1
0.73,0.5,1
0.74,0.21,2
0.74,0.22,2
0.74,0.23,2
0.74,0.24,2
0.74,0.25,2
0.74,0.26,2
0.74,0.27,2
0.74,0.28,2
0.74,0.29,2
0.74,0.2,2
0.74,0.31,2
0.74,0.32,2
0.74,0.33,2
0.74,0.34,2
0.74,0.35,2
0.74,0.36,2
0.74,0.37,3
0.74,0.38,3
0.74,0.39,4
0.74,0.3,2
0.74,0.41,4
0.74,0.42,4
0.74,0.43,7
0.74,0.44,1
0.74,0.45,1
0.74,0.46,1
0.74,0.47,1
0.74,0.48,1
0.74,0.49,1
0.74,0.4,4
0.74,0.51,1
0.74,0.52,1
0.74,0.53,1
0.74,0.54,1
0.74,0.5,1
0.75,0.21,2
0.75,0.22,2
0.75,0.23,2
0.75,0.24,2
0.75,0.25,2
0.75,0.26,2
0.75,0.27,2
0.75,0.28,2
0.75,0.29,2
0.75,0.2,2
0.75,0.31,2
0.75,0.32,2
0.75,0.33,2
0.75,0.34,2
0.75,0.35,2
0.75,0.36,2
0.75,0.37,2
0.75,0.38,3
0.75,0.39,3
0.75,0.3,2
0.75,0.41,4
0.75,0.42,4
0.75,0.43,4
0.75,0.44,7
0.75,0.45,1
0.75,0.46,1
0.75,0.47,1
0.75,0.48,1
0.75,0.49,1
0.75,0.4,4
0.75,0.51,1
0.75,0.52,1
0.75,0.53,1
0.75,0.54,1
0.75,0.5,1
0.76,0.21,2
0.76,0.22,2
0.76,0.23,2
0.76,0.24,2
0.76,0.25,2
0.76,0.26,2
0.76,0.27,2
0.76,0.28,2
0.76,0.29,2
0.76,0.2,2
0.76,0.31,2
0.76,0.32,2
0.76,0.33,2
0.76,0.34,2
0.76,0.35,2
0.76,0.36,2
0.76,0.37,2
0.76,0.38,3
0.76,0.39,3
0.76,0.3,2
0.76,0.41,4
0.76,0.42,4
0.76,0.43,4
0.76,0.44,4
0.76,0.45,7
0.76,0.46,1
0.76,0.47,1
0.76,0.48,1
0.76,0.49,1
0.76,0.4,4
0.76,0.51,1
0.76,0.52,1
0.76,0.53,1
0.76,0.54,1
0.76,0.5,1
0.77,0.21,2
0.77,0.22,2
0.77,0.23,2
0.77,0.24,2
0.77,0.25,2
0.77,0.26,2
0.77,0.27,2
0.77,0.28,2
0.77,0.29,2
0.77,0.2,2
0.77,0.31,2
0.77,0.32,2
0.77,0.33,2
0.77,0.34,2
0.77,0.35,2
0.77,0.36,2
0.77,0.37,2
0.77,0.38,2
0.77,0.39,3
0.77,0.3,2
0.77,0.41,4
0.77,0.42,4
0.77,0.43,4
0.77,0.44,4
0.77,0.45,7
0.77,0.46,7
0.77,0.47,1
0.77,0.48,1
0.77,0.49,1
0.77,0.4,3
0.77,0.51,1
0.77,0.52,1
0.77,0.53,1
0.77,0.54,1
0.77,0.5,1
0.78,0.21,2
0.78,0.22,2
0.78,0.23,2
0.78,0.24,2
0.78,0.25,2
0.78,0.26,2
0.78,0.27,2
0.78,0.28,2
0.78,0.29,2
0.78,0.2,2
0.78,0.31,2
0.78,0.32,2
0.78,0.33,2
0.78,0.34,2
0.78,0.35,2
0.78,0.36,2
0.78,0.37,2
0.78,0.38,2
0.78,0.39,2
0.78,0.3,2
0.78,0.41,4
0.78,0.42,4
0.78,0.43,4
0.78,0.44,4
0.78,0.45,4
0.78,0.46,7
0.78,0.47,7
0.78,0.48,1
0.78,0.49,1
0.78,0.4,3
0.78,0.51,1
0.78,0.52,1
0.78,0.53,1
0.78,0.54,1
0.78,0.5,1
0.79,0.21,2
0.79,0.22,2
0.79,0.23,2
0.79,0.24,2
0.79,0.25,2
0.79,0.26,2
0.79,0.27,2
0.79,0.28,2
0.79,0.29,2
0.79,0.2,2
0.79,0.31,2
0.79,0.32,2
0.79,0.33,2
0.79,0.34,2
0.79,0.35,2
0.79,0.36,2
0.79,0.37,2
0.79,0.38,2
0.79,0.39,2
0.79,0.3,2
0.79,0.41,3
0.79,0.42,4
0.79,0.43,4
0.79,0.44,4
0.79,0.45,4
0.79,0.46,7
0.79,0.47,7
0.79,0.48,7
0.79,0.49,1
0.79,0.4,2
0.79,0.51,1
0.79,0.52,1
0.79,0.53,1
0.79,0.54,1
0.79,0.5,1
0.7,0.21,2
0.7,0.22,2
0.7,0.23,2
0.7,0.24,2
0.7,0.25,2
0.7,0.26,2
0.7,0.27,2
0.7,0.28,2
0.7,0.29,2
0.7,0.2,2
0.7,0.31,2
0.7,0.32,2
0.7,0.33,2
0.7,0.34,2
0.7,0.35,3
0.7,0.36,3
0.7,0.37,3
0.7,0.38,3
0.7,0.39,3
0.7,0.3,2
0.7,0.41,1
0.7,0.42,1
0.7,0.43,1
0.7,0.44,1
0.7,0.45,1
0.7,0.46,1
0.7,0.47,1
0.7,0.48,1
0.7,0.49,1
0.7,0.4,3
0.7,0.51,1
0.7,0.52,1
0.7,0.53,1
0.7,0.54,1
0.7,0.5,1
0.81,0.21,2
0.81,0.22,2
0.81,0.23,2
0.81,0.24,2
0.81,0.25,2
0.81,0.26,2
0.81,0.27,2
0.81,0.28,2
0.81,0.29,2
0.81,0.2,2
0.81,0.31,2
0.81,0.32,2
0.81,0.33,2
0.81,0.34,2
0.81,0.35,2
0.81,0.36,2
0.81,0.37,2
0.81,0.38,2
0.81,0.39,2
0.81,0.3,2
0.81,0.41,2
0.81,0.42,2
0.81,0.43,3
0.81,0.44,4
0.81,0.45,4
0.81,0.46,4
0.81,0.47,7
0.81,0.48,7
0.81,0.49,7
0.81,0.4,2
0.81,0.51,1
0.81,0.52,1
0.81,0.53,1
0.81,0.54,1
0.81,0.5,7
0.82,0.21,2
0.82,0.22,2
0.82,0.23,2
0.82,0.24,2
0.82,0.25,2
0.82,0.26,2
0.82,0.27,2
0.82,0.28,2
0.82,0.29,2
0.82,0.2,2
0.82,0.31,2
0.82,0.32,2
0.82,0.33,2
0.82,0.34,2
0.82,0.35,2
0.82,0.36,2
0.82,0.37,2
0.82,0.38,2
0.82,0.39,2
0.82,0.3,2
0.82,0.41,2
0.82,0.42,2
0.82,0.43,2
0.82,0.44,3
0.82,0.45,4
0.82,0.46,4
0.82,0.47,5
0.82,0.48,7
0.82,0.49,7
0.82,0.4,2
0.82,0.51,7
0.82,0.52,1
0.82,0.53,1
0.82,0.54,1
0.82,0.5,7
0.83,0.21,2
0.83,0.22,2
0.83,0.23,2
0.83,0.24,2
0.83,0.25,2
0.83,0.26,2
0.83,0.27,2
0.83,0.28,2
0.83,0.29,2
0.83,0.2,2
0.83,0.31,2
0.83,0.32,2
0.83,0.33,2
0.83,0.34,2
0.83,0.35,2
0.83,0.36,2
0.83,0.37,2
0.83,0.38,2
0.83,0.39,2
0.83,0.3,2
0.83,0.41,2
0.83,0.42,2
0.83,0.43,2
0.83,0.44,2
0.83,0.45,3
0.83,0.46,4
0.83,0.47,4
0.83,0.48,5
0.83,0.49,7
0.83,0.4,2
0.83,0.51,7
0.83,0.52,7
0.83,0.53,1
0.83,0.54,1
0.83,0.5,7
0.84,0.21,2
0.84,0.22,2
0.84,0.23,2
0.84,0.24,2
0.84,0.25,2
0.84,0.26,2
0.84,0.27,2
0.84,0.28,2
0.84,0.29,2
0.84,0.2,2
0.84,0.31,2
0.84,0.32,2
0.84,0.33,2
0.84,0.34,2
0.84,0.35,2
0.84,0.36,2
0.84,0.37,2
0.84,0.38,2
0.84,0.39,2
0.84,0.3,2
0.84,0.41,2
0.84,0.42,2
0.84,0.43,2
0.84,0.44,2
0.84,0.45,2
0.84,0.46,3
0.84,0.47,4
0.84,0.48,5
0.84,0.49,7
0.84,0.4,2
0.84,0.51,7
0.84,0.52,7
0.84,0.53,7
0.84,0.54,1
0.84,0.5,7
0.85,0.21,2
0.85,0.22,2
0.85,0.23,2
0.85,0.24,2
0.85,0.25,2
0.85,0.26,2
0.85,0.27,2
0.85,0.28,2
0.85,0.29,2
0.85,0.2,2
0.85,0.31,2
0.85,0.32,2
0.85,0.33,2
0.85,0.34,2
0.85,0.35,2
0.85,0.36,2
0.85,0.37,2
0.85,0.38,2
0.85,0.39,2
0.85,0.3,2
0.85,0.41,2
0.85,0.42,2
0.85,0.43,2
0.85,0.44,2
0.85,0.45,2
0.85,0.46,2
0.85,0.47,3
0.85,0.48,4
0.85,0.49,5
0.85,0.4,2
0.85,0.51,7
0.85,0.52,7
0.85,0.53,7
0.85,0.54,7
0.85,0.5,7
0.86,0.21,2
0.86,0.22,2
0.86,0.23,2
0.86,0.24,2
0.86,0.25,2
0.86,0.26,2
0.86,0.27,2
0.86,0.28,2
0.86,0.29,2
0.86,0.2,2
0.86,0.31,2
0.86,0.32,2
0.86,0.33,2
0.86,0.34,2
0.86,0.35,2
0.86,0.36,2
0.86,0.37,2
0.86,0.38,2
0.86,0.39,2
0.86,0.3,2
0.86,0.41,2
0.86,0.42,2
0.86,0.43,2
0.86,0.44,2
0.86,0.45,2
0.86,0.46,2
0.86,0.47,2
0.86,0.48,3
0.86,0.49,4
0.86,0.4,2
0.86,0.51,7
0.86,0.52,7
0.86,0.53,7
0.86,0.54,7
0.86,0.5,5
0.87,0.21,2
0.87,0.22,2
0.87,0.23,2
0.87,0.24,2
0.87,0.25,2
0.87,0.26,2
0.87,0.27,2
0.87,0.28,2
0.87,0.29,2
0.87,0.2,2
0.87,0.31,2
0.87,0.32,2
0.87,0.33,2
0.87,0.34,2
0.87,0.35,2
0.87,0.36,2
0.87,0.37,2
0.87,0.38,2
0.87,0.39,2
0.87,0.3,2
0.87,0.41,2
0.87,0.42,2
0.87,0.43,2
0.87,0.44,2
0.87,0.45,2
0.87,0.46,2
0.87,0.47,2
0.87,0.48,2
0.87,0.49,2
0.87,0.4,2
0.87,0.51,7
0.87,0.52,7
0.87,0.53,7
0.87,0.54,7
0.87,0.5,4
0.88,0.21,2
0.88,0.22,2
0.88,0.23,2
0.88,0.24,2
0.88,0.25,2
0.88,0.26,2
0.88,0.27,2
0.88,0.28,2
0.88,0.29,2
0.88,0.2,2
0.88,0.31,2
0.88,0.32,2
0.88,0.33,2
0.88,0.34,2
0.88,0.35,2
0.88,0.36,2
0.88,0.37,2
0.88,0.38,2
0.88,0.39,2
0.88,0.3,2
0.88,0.41,2
0.88,0.42,2
0.88,0.43,2
0.88,0.44,2
0.88,0.45,2
0.88,0.46,2
0.88,0.47,2
0.88,0.48,2
0.88,0.49,2
0.88,0.4,2
0.88,0.51,4
0.88,0.52,7
0.88,0.53,7
0.88,0.54,7
0.88,0.5,2
0.89,0.21,2
0.89,0.22,2
0.89,0.23,2
0.89,0.24,2
0.89,0.25,2
0.89,0.26,2
0.89,0.27,2
0.89,0.28,2
0.89,0.29,2
0.89,0.2,2
0.89,0.31,2
0.89,0.32,2
0.89,0.33,2
0.89,0.34,2
0.89,0.35,2
0.89,0.36,2
0.89,0.37,2
0.89,0.38,2
0.89,0.39,2
0.89,0.3,2
0.89,0.41,2
0.89,0.42,2
0.89,0.43,2
0.89,0.44,2
0.89,0.45,2
0.89,0.46,2
0.89,0.47,2
0.89,0.48,2
0.89,0.49,2
0.89,0.4,2
0.89,0.51,2
0.89,0.52,3
0.89,0.53,7
0.89,0.54,7
0.89,0.5,2
0.8,0.21,2
0.8,0.22,2
0.8,0.23,2
0.8,0.24,2
0.8,0.25,2
0.8,0.26,2
0.8,0.27,2
0.8,0.28,2
0.8,0.29,2
0.8,0.2,2
0.8,0.31,2
0.8,0.32,2
0.8,0.33,2
0.8,0.34,2
0.8,0.35,2
0.8,0.36,2
0.8,0.37,2
0.8,0.38,2
0.8,0.39,2
0.8,0.3,2
0.8,0.41,2
0.8,0.42,3
0.8,0.43,4
0.8,0.44,4
0.8,0.45,4
0.8,0.46,5
0.8,0.47,7
0.8,0.48,7
0.8,0.49,7
0.8,0.4,2
0.8,0.51,1
0.8,0.52,1
0.8,0.53,1
0.8,0.54,1
0.8,0.5,1
0.91,0.21,2
0.91,0.22,2
0.91,0.23,2
0.91,0.24,2
0.91,0.25,2
0.91,0.26,2
0.91,0.27,2
0.91,0.28,2
0.91,0.29,2
0.91,0.2,2
0.91,0.31,2
0.91,0.32,2
0.91,0.33,2
0.91,0.34,2
0.91,0.35,2
0.91,0.36,2
0.91,0.37,2
0.91,0.38,2
0.91,0.39,2
0.91,0.3,2
0.91,0.41,2
0.91,0.42,2
0.91,0.43,2
0.91,0.44,2
0.91,0.45,2
0.91,0.46,2
0.91,0.47,2
0.91,0.48,2
0.91,0.49,2
0.91,0.4,2
0.91,0.51,2
0.91,0.52,2
0.91,0.53,2
0.91,0.54,2
0.91,0.5,2
0.92,0.21,2
0.92,0.22,2
0.92,0.23,2
0.92,0.24,2
0.92,0.25,2
0.92,0.26,2
0.92,0.27,2
0.92,0.28,2
0.92,0.29,2
0.92,0.2,2
0.92,0.31,2
0.92,0.32,2
0.92,0.33,2
0.92,0.34,2
0.92,0.35,2
0.92,0.36,2
0.92,0.37,2
0.92,0.38,2
0.92,0.39,2
0.92,0.3,2
0.92,0.41,2
0.92,0.42,2
0.92,0.43,2
0.92,0.44,2
0.92,0.45,2
0.92,0.46,2
0.92,0.47,2
0.92,0.48,2
0.92,0.49,2
0.92,0.4,2
0.92,0.51,2
0.92,0.52,2
0.92,0.53,2
0.92,0.54,2
0.92,0.5,2
0.93,0.21,2
0.93,0.22,2
0.93,0.23,2
0.93,0.24,2
0.93,0.25,2
0.93,0.26,2
0.93,0.27,2
0.93,0.28,2
0.93,0.29,2
0.93,0.2,2
0.93,0.31,2
0.93,0.32,2
0.93,0.33,2
0.93,0.34,2
0.93,0.35,2
0.93,0.36,2
0.93,0.37,2
0.93,0.38,2
0.93,0.39,2
0.93,0.3,2
0.93,0.41,2
0.93,0.42,2
0.93,0.43,2
0.93,0.44,2
0.93,0.45,2
0.93,0.46,2
0.93,0.47,2
0.93,0.48,2
0.93,0.49,2
0.93,0.4,2
0.93,0.51,2
0.93,0.52,2
0.93,0.53,2
0.93,0.54,2
0.93,0.5,2
0.94,0.21,2
0.94,0.22,2
0.94,0.23,2
0.94,0.24,2
0.94,0.25,2
0.94,0.26,2
0.94,0.27,2
0.94,0.28,2
0.94,0.29,2
0.94,0.2,2
0.94,0.31,2
0.94,0.32,2
0.94,0.33,2
0.94,0.34,2
0.94,0.35,2
0.94,0.36,2
0.94,0.37,2
0.94,0.38,2
0.94,0.39,2
0.94,0.3,2
0.94,0.41,2
0.94,0.42,2
0.94,0.43,2
0.94,0.44,2
0.94,0.45,2
0.94,0.46,2
0.94,0.47,2
0.94,0.48,2
0.94,0.49,2
0.94,0.4,2
0.94,0.51,2
0.94,0.52,2
0.94,0.53,2
0.94,0.54,2
0.94,0.5,2
0.95,0.21,2
0.95,0.22,2
0.95,0.23,2
0.95,0.24,2
0.95,0.25,2
0.95,0.26,2
0.95,0.27,2
0.95,0.28,2
0.95,0.29,2
0.95,0.2,2
0.95,0.31,2
0.95,0.32,2
0.95,0.33,2
0.95,0.34,2
0.95,0.35,2
0.95,0.36,2
0.95,0.37,2
0.95,0.38,2
0.95,0.39,2
0.95,0.3,2
0.95,0.41,2
0.95,0.42,2
0.95,0.43,2
0.95,0.44,2
0.95,0.45,2
0.95,0.46,2
0.95,0.47,2
0.95,0.48,2
0.95,0.49,2
0.95,0.4,2
0.95,0.51,2
0.95,0.52,2
0.95,0.53,2
0.95,0.54,2
0.95,0.5,2
0.96,0.21,2
0.96,0.22,2
0.96,0.23,2
0.96,0.24,2
0.96,0.25,2
0.96,0.26,2
0.96,0.27,2
0.96,0.28,2
0.96,0.29,2
0.96,0.2,2
0.96,0.31,2
0.96,0.32,2
0.96,0.33,2
0.96,0.34,2
0.96,0.35,2
0.96,0.36,2
0.96,0.37,2
0.96,0.38,2
0.96,0.39,2
0.96,0.3,2
0.96,0.41,2
0.96,0.42,2
0.96,0.43,2
0.96,0.44,2
0.96,0.45,2
0.96,0.46,2
0.96,0.47,2
0.96,0.48,2
0.96,0.49,2
0.96,0.4,2
0.96,0.51,2
0.96,0.52,2
0.96,0.53,2
0.96,0.54,2
0.96,0.5,2
0.97,0.21,2
0.97,0.22,2
0.97,0.23,2
0.97,0.24,2
0.97,0.25,2
0.97,0.26,2
0.97,0.27,2
0.97,0.28,2
0.97,0.29,2
0.97,0.2,2
0.97,0.31,2
0.97,0.32,2
0.97,0.33,2
0.97,0.34,2
0.97,0.35,2
0.97,0.36,2
0.97,0.37,2
0.97,0.38,2
0.97,0.39,2
0.97,0.3,2
0.97,0.41,2
0.97,0.42,2
0.97,0.43,2
0.97,0.44,2
0.97,0.45,2
0.97,0.46,2
0.97,0.47,2
0.97,0.48,2
0.97,0.49,2
0.97,0.4,2
0.97,0.51,2
0.97,0.52,2
0.97,0.53,2
0.97,0.54,2
0.97,0.5,2
0.98,0.21,2
0.98,0.22,2
0.98,0.23,2
0.98,0.24,2
0.98,0.25,2
0.98,0.26,2
0.98,0.27,2
0.98,0.28,2
0.98,0.29,2
0.98,0.2,2
0.98,0.31,2
0.98,0.32,2
0.98,0.33,2
0.98,0.34,2
0.98,0.35,2
0.98,0.36,2
0.98,0.37,2
0.98,0.38,2
0.98,0.39,2
0.98,0.3,2
0.98,0.41,2
0.98,0.42,2
0.98,0.43,2
0.98,0.44,2
0.98,0.45,2
0.98,0.46,2
0.98,0.47,2
0.98,0.48,2
0.98,0.49,2
0.98,0.4,2
0.98,0.51,2
0.98,0.52,2
0.98,0.53,2
0.98,0.54,2
0.98,0.5,2
0.99,0.21,2
0.99,0.22,2
0.99,0.23,2
0.99,0.24,2
0.99,0.25,2
0.99,0.26,2
0.99,0.27,2
0.99,0.28,2
0.99,0.29,2
0.99,0.2,2
0.99,0.31,2
0.99,0.32,2
0.99,0.33,2
0.99,0.34,2
0.99,0.35,2
0.99,0.36,2
0.99,0.37,2
0.99,0.38,2
0.99,0.39,2
0.99,0.3,2
0.99,0.41,2
0.99,0.42,2
0.99,0.43,2
0.99,0.44,2
0.99,0.45,2
0.99,0.46,2
0.99,0.47,2
0.99,0.48,2
0.99,0.49,2
0.99,0.4,2
0.99,0.51,2
0.99,0.52,2
0.99,0.53,2
0.99,0.54,2
0.99,0.5,2
0.9,0.21,2
0.9,0.22,2
0.9,0.23,2
0.9,0.24,2
0.9,0.25,2
0.9,0.26,2
0.9,0.27,2
0.9,0.28,2
0.9,0.29,2
0.9,0.2,2
0.9,0.31,2
0.9,0.32,2
0.9,0.33,2
0.9,0.34,2
0.9,0.35,2
0.9,0.36,2
0.9,0.37,2
0.9,0.38,2
0.9,0.39,2
0.9,0.3,2
0.9,0.41,2
0.9,0.42,2
0.9,0.43,2
0.9,0.44,2
0.9,0.45,2
0.9,0.46,2
0.9,0.47,2
0.9,0.48,2
0.9,0.49,2
0.9,0.4,2
0.9,0.51,2
0.9,0.52,2
0.9,0.53,2
0.9,0.54,6
0.9,0.5,2
0.51,0.55,1
0.51,0.56,1
0.51,0.57,1
0.51,0.58,1
0.51,0.59,1
0.51,0.61,1
0.51,0.62,1
0.51,0.63,1
0.51,0.64,1
0.51,0.65,1
0.51,0.66,1
0.51,0.67,1
0.51,0.68,1
0.51,0.69,1
0.51,0.6,1
0.51,0.7,1
0.52,0.55,1
0.52,0.56,1
0.52,0.57,1
0.52,0.58,1
0.52,0.59,1
0.52,0.61,1
0.52,0.62,1
0.52,0.63,1
0.52,0.64,1
0.52,0.65,1
0.52,0.66,1
0.52,0.67,1
0.52,0.68,1
0.52,0.69,1
0.52,0.6,1
0.52,0.7,1
0.53,0.55,1
0.53,0.56,1
0.53,0.57,1
0.53,0.58,1
0.53,0.59,1
0.53,0.61,1
0.53,0.62,1
0.53,0.63,1
0.53,0.64,1
0.53,0.65,1
0.53,0.66,1
0.53,0.67,1
0.53,0.68,1
0.53,0.69,1
0.53,0.6,1
0.53,0.7,1
0.54,0.55,1
0.54,0.56,1
0.54,0.57,1
0.54,0.58,1
0.54,0.59,1
0.54,0.61,1
0.54,0.62,1
0.54,0.63,1
0.54,0.64,1
0.54,0.65,1
0.54,0.66,1
0.54,0.67,1
0.54,0.68,1
0.54,0.69,1
0.54,0.6,1
0.54,0.7,1
0.55,0.55,1
0.55,0.56,1
0.55,0.57,1
0.55,0.58,1
0.55,0.59,1
0.55,0.61,1
0.55,0.62,1
0.55,0.63,1
0.55,0.64,1
0.55,0.65,1
0.55,0.66,1
0.55,0.67,1
0.55,0.68,1
0.55,0.69,1
0.55,0.6,1
0.55,0.7,1
0.56,0.55,1
0.56,0.56,1
0.56,0.57,1
0.56,0.58,1
0.56,0.59,1
0.56,0.61,1
0.56,0.62,1
0.56,0.63,1
0.56,0.64,1
0.56,0.65,1
0.56,0.66,1
0.56,0.67,1
0.56,0.68,1
0.56,0.69,1
0.56,0.6,1
0.56,0.7,1
0.57,0.55,1
0.57,0.56,1
0.57,0.57,1
0.57,0.58,1
0.57,0.59,1
0.57,0.61,1
0.57,0.62,1
0.57,0.63,1
0.57,0.64,1
0.57,0.65,1
0.57,0.66,1
0.57,0.67,1
0.57,0.68,1
0.57,0.69,1
0.57,0.6,1
0.57,0.7,1
0.58,0.55,1
0.58,0.56,1
0.58,0.57,1
0.58,0.58,1
0.58,0.59,1
0.58,0.61,1
0.58,0.62,1
0.58,0.63,1
0.58,0.64,1
0.58,0.65,1
0.58,0.66,1
0.58,0.67,1
0.58,0.68,1
0.58,0.69,1
0.58,0.6,1
0.58,0.7,1
0.59,0.55,1
0.59,0.56,1
0.59,0.57,1
0.59,0.58,1
0.59,0.59,1
0.59,0.61,1
0.59,0.62,1
0.59,0.63,1
0.59,0.64,1
0.59,0.65,1
0.59,0.66,1
0.59,0.67,1
0.59,0.68,1
0.59,0.69,1
0.59,0.6,1
0.59,0.7,1
0.5,0.55,1
0.5,0.56,1
0.5,0.57,1
0.5,0.58,1
0.5,0.59,1
0.5,0.61,1
0.5,0.62,1
0.5,0.63,1
0.5,0.64,1
0.5,0.65,1
0.5,0.66,1
0.5,0.67,1
0.5,0.68,1
0.5,0.69,1
0.5,0.6,1
0.5,0.7,1
0.61,0.55,1
0.61,0.56,1
0.61,0.57,1
0.61,0.58,1
0.61,0.59,1
0.61,0.61,1
0.61,0.62,1
0.61,0.63,1
0.61,0.64,1
0.61,0.65,1
0.61,0.66,1
0.61,0.67,1
0.61,0.68,1
0.61,0.69,1
0.61,0.6,1
0.61,0.7,1
0.62,0.55,1
0.62,0.56,1
0.62,0.57,1
0.62,0.58,1
0.62,0.59,1
0.62,0.61,1
0.62,0.62,1
0.62,0.63,1
0.62,0.64,1
0.62,0.65,1
0.62,0.66,1
0.62,0.67,1
0.62,0.68,1
0.62,0.69,1
0.62,0.6,1
0.62,0.7,1
0.63,0.55,1
0.63,0.56,1
0.63,0.57,1
0.63,0.58,1
0.63,0.59,1
0.63,0.61,1
0.63,0.62,1
0.63,0.63,1
0.63,0.64,1
0.63,0.65,1
0.63,0.66,1
0.63,0.67,1
0.63,0.68,1
0.63,0.69,1
0.63,0.6,1
0.63,0.7,1
0.64,0.55,1
0.64,0.56,1
0.64,0.57,1
0.64,0.58,1
0.64,0.59,1
0.64,0.61,1
0.64,0.62,1
0.64,0.63,1
0.64,0.64,1
0.64,0.65,1
0.64,0.66,1
0.64,0.67,1
0.64,0.68,1
0.64,0.69,1
0.64,0.6,1
0.64,0.7,1
0.65,0.55,1
0.65,0.56,1
0.65,0.57,1
0.65,0.58,1
0.65,0.59,1
0.65,0.61,1
0.65,0.62,1
0.65,0.63,1
0.65,0.64,1
0.65,0.65,1
0.65,0.66,1
0.65,0.67,1
0.65,0.68,1
0.65,0.69,1
0.65,0.6,1
0.65,0.7,1
0.66,0.55,1
0.66,0.56,1
0.66,0.57,1
0.66,0.58,1
0.66,0.59,1
0.66,0.61,1
0.66,0.62,1
0.66,0.63,1
0.66,0.64,1
0.66,0.65,1
0.66,0.66,1
0.66,0.67,1
0.66,0.68,1
0.66,0.69,1
0.66,0.6,1
0.66,0.7,1
0.67,0.55,1
0.67,0.56,1
0.67,0.57,1
0.67,0.58,1
0.67,0.59,1
0.67,0.61,1
0.67,0.62,1
0.67,0.63,1
0.67,0.64,1
0.67,0.65,1
0.67,0.66,1
0.67,0.67,1
0.67,0.68,1
0.67,0.69,1
0.67,0.6,1
0.67,0.7,1
0.68,0.55,1
0.68,0.56,1
0.68,0.57,1
0.68,0.58,1
0.68,0.59,1
0.68,0.61,1
0.68,0.62,1
0.68,0.63,1
0.68,0.64,1
0.68,0.65,1
0.68,0.66,1
0.68,0.67,1
0.68,0.68,1
0.68,0.69,1
0.68,0.6,1
0.68,0.7,1
0.69,0.55,1
0.69,0.56,1
0.69,0.57,1
0.69,0.58,1
0.69,0.59,1
0.69,0.61,1
0.69,0.62,1
0.69,0.63,1
0.69,0.64,1
0.69,0.65,1
0.69,0.66,1
0.69,0.67,1
0.69,0.68,1
0.69,0.69,1
0.69,0.6,1
0.69,0.7,1
0.6,0.55,1
0.6,0.56,1
0.6,0.57,1
0.6,0.58,1
0.6,0.59,1
0.6,0.61,1
0.6,0.62,1
0.6,0.63,1
0.6,0.64,1
0.6,0.65,1
0.6,0.66,1
0.6,0.67,1
0.6,0.68,1
0.6,0.69,1
0.6,0.6,1
0.6,0.7,1
0.71,0.55,1
0.71,0.56,1
0.71,0.57,1
0.71,0.58,1
0.71,0.59,1
0.71,0.61,1
0.71,0.62,1
0.71,0.63,1
0.71,0.64,1
0.71,0.65,1
0.71,0.66,1
0.71,0.67,1
0.71,0.68,1
0.71,0.69,1
0.71,0.6,1
0.71,0.7,1
0.72,0.55,1
0.72,0.56,1
0.72,0.57,1
0.72,0.58,1
0.72,0.59,1
0.72,0.61,1
0.72,0.62,1
0.72,0.63,1
0.72,0.64,1
0.72,0.65,1
0.72,0.66,1
0.72,0.67,1
0.72,0.68,1
0.72,0.69,1
0.72,0.6,1
0.72,0.7,1
0.73,0.55,1
0.73,0.56,1
0.73,0.57,1
0.73,0.58,1
0.73,0.59,1
0.73,0.61,1
0.73,0.62,1
0.73,0.63,1
0.73,0.64,1
0.73,0.65,1
0.73,0.66,1
0.73,0.67,1
0.73,0.68,1
0.73,0.69,1
0.73,0.6,1
0.73,0.7,1
0.74,0.55,1
0.74,0.56,1
0.74,0.57,1
0.74,0.58,1
0.74,0.59,1
0.74,0.61,1
0.74,0.62,1
0.74,0.63,1
0.74,0.64,1
0.74,0.65,1
0.74,0.66,1
0.74,0.67,1
0.74,0.68,1
0.74,0.69,1
0.74,0.6,1
0.74,0.7,1
0.75,0.55,1
0.75,0.56,1
0.75,0.57,1
0.75,0.58,1
0.75,0.59,1
0.75,0.61,1
0.75,0.62,1
0.75,0.63,1
0.75,0.64,1
0.75,0.65,1
0.75,0.66,1
0.75,0.67,1
0.75,0.68,1
0.75,0.69,1
0.75,0.6,1
0.75,0.7,1
0.76,0.55,1
0.76,0.56,1
0.76,0.57,1
0.76,0.58,1
0.76,0.59,1
0.76,0.61,1
0.76,0.62,1
0.76,0.63,1
0.76,0.64,1
0.76,0.65,1
0.76,0.66,1
0.76,0.67,1
0.76,0.68,1
0.76,0.69,1
0.76,0.6,1
0.76,0.7,1
0.77,0.55,1
0.77,0.56,1
0.77,0.57,1
0.77,0.58,1
0.77,0.59,1
0.77,0.61,1
0.77,0.62,1
0.77,0.63,1
0.77,0.64,1
0.77,0.65,1
0.77,0.66,1
0.77,0.67,1
0.77,0.68,1
0.77,0.69,1
0.77,0.6,1
0.77,0.7,1
0.78,0.55,1
0.78,0.56,1
0.78,0.57,1
0.78,0.58,1
0.78,0.59,1
0.78,0.61,1
0.78,0.62,1
0.78,0.63,1
0.78,0.64,1
0.78,0.65,1
0.78,0.66,1
0.78,0.67,1
0.78,0.68,1
0.78,0.69,1
0.78,0.6,1
0.78,0.7,1
0.79,0.55,1
0.79,0.56,1
0.79,0.57,1
0.79,0.58,1
0.79,0.59,1
0.79,0.61,1
0.79,0.62,1
0.79,0.63,1
0.79,0.64,1
0.79,0.65,1
0.79,0.66,1
0.79,0.67,1
0.79,0.68,1
0.79,0.69,1
0.79,0.6,1
0.79,0.7,1
0.7,0.55,1
0.7,0.56,1
0.7,0.57,1
0.7,0.58,1
0.7,0.59,1
0.7,0.61,1
0.7,0.62,1
0.7,0.63,1
0.7,0.64,1
0.7,0.65,1
0.7,0.66,1
0.7,0.67,1
0.7,0.68,1
0.7,0.69,1
0.7,0.6,1
0.7,0.7,1
0.81,0.55,1
0.81,0.56,1
0.81,0.57,1
0.81,0.58,1
0.81,0.59,1
0.81,0.61,1
0.81,0.62,1
0.81,0.63,1
0.81,0.64,1
0.81,0.65,1
0.81,0.66,1
0.81,0.67,1
0.81,0.68,1
0.81,0.69,1
0.81,0.6,1
0.81,0.7,1
0.82,0.55,1
0.82,0.56,1
0.82,0.57,1
0.82,0.58,1
0.82,0.59,1
0.82,0.61,1
0.82,0.62,1
0.82,0.63,1
0.82,0.64,1
0.82,0.65,1
0.82,0.66,1
0.82,0.67,1
0.82,0.68,1
0.82,0.69,1
0.82,0.6,1
0.82,0.7,1
0.83,0.55,1
0.83,0.56,1
0.83,0.57,1
0.83,0.58,1
0.83,0.59,1
0.83,0.61,1
0.83,0.62,1
0.83,0.63,1
0.83,0.64,1
0.83,0.65,1
0.83,0.66,1
0.83,0.67,1
0.83,0.68,1
0.83,0.69,1
0.83,0.6,1
0.83,0.7,1
0.84,0.55,1
0.84,0.56,1
0.84,0.57,1
0.84,0.58,1
0.84,0.59,1
0.84,0.61,1
0.84,0.62,1
0.84,0.63,1
0.84,0.64,1
0.84,0.65,1
0.84,0.66,1
0.84,0.67,1
0.84,0.68,1
0.84,0.69,1
0.84,0.6,1
0.84,0.7,1
0.85,0.55,1
0.85,0.56,1
0.85,0.57,1
0.85,0.58,1
0.85,0.59,1
0.85,0.61,1
0.85,0.62,1
0.85,0.63,1
0.85,0.64,1
0.85,0.65,1
0.85,0.66,1
0.85,0.67,1
0.85,0.68,1
0.85,0.69,1
0.85,0.6,1
0.85,0.7,1
0.86,0.55,1
0.86,0.56,1
0.86,0.57,1
0.86,0.58,1
0.86,0.59,1
0.86,0.61,1
0.86,0.62,1
0.86,0.63,1
0.86,0.64,1
0.86,0.65,1
0.86,0.66,1
0.86,0.67,1
0.86,0.68,1
0.86,0.69,1
0.86,0.6,1
0.86,0.7,1
0.87,0.55,7
0.87,0.56,1
0.87,0.57,1
0.87,0.58,1
0.87,0.59,1
0.87,0.61,1
0.87,0.62,1
0.87,0.63,1
0.87,0.64,1
0.87,0.65,1
0.87,0.66,1
0.87,0.67,1
0.87,0.68,1
0.87,0.69,1
0.87,0.6,1
0.87,0.7,1
0.88,0.55,7
0.88,0.56,7
0.88,0.57,1
0.88,0.58,1
0.88,0.59,1
0.88,0.61,1
0.88,0.62,1
0.88,0.63,1
0.88,0.64,1
0.88,0.65,1
0.88,0.66,1
0.88,0.67,1
0.88,0.68,1
0.88,0.69,1
0.88,0.6,1
0.88,0.7,1
0.89,0.55,7
0.89,0.56,7
0.89,0.57,7
0.89,0.58,1
0.89,0.59,1
0.89,0.61,1
0.89,0.62,1
0.89,0.63,1
0.89,0.64,1
0.89,0.65,1
0.89,0.66,1
0.89,0.67,1
0.89,0.68,1
0.89,0.69,1
0.89,0.6,1
0.89,0.7,1
0.8,0.55,1
0.8,0.56,1
0.8,0.57,1
0.8,0.58,1
0.8,0.59,1
0.8,0.61,1
0.8,0.62,1
0.8,0.63,1
0.8,0.64,1
0.8,0.65,1
0.8,0.66,1
0.8,0.67,1
0.8,0.68,1
0.8,0.69,1
0.8,0.6,1
0.8,0.7,1
0.91,0.55,2
0.91,0.56,6
0.91,0.57,7
0.91,0.58,7
0.91,0.59,7
0.91,0.61,1
0.91,0.62,1
0.91,0.63,1
0.91,0.64,1
0.91,0.65,1
0.91,0.66,1
0.91,0.67,1
0.91,0.68,1
0.91,0.69,1
0.91,0.6,1
0.91,0.7,1
0.92,0.55,2
0.92,0.56,2
0.92,0.57,6
0.92,0.58,7
0.92,0.59,7
0.92,0.61,1
0.92,0.62,1
0.92,0.63,1
0.92,0.64,1
0.92,0.65,1
0.92,0.66,1
0.92,0.67,1
0.92,0.68,1
0.92,0.69,1
0.92,0.6,7
0.92,0.7,1
0.93,0.55,2
0.93,0.56,2
0.93,0.57,2
0.93,0.58,2
0.93,0.59,6
0.93,0.61,7
0.93,0.62,1
0.93,0.63,1
0.93,0.64,1
0.93,0.65,1
0.93,0.66,1
0.93,0.67,1
0.93,0.68,1
0.93,0.69,1
0.93,0.6,7
0.93,0.7,1
0.94,0.55,2
0.94,0.56,2
0.94,0.57,2
0.94,0.58,2
0.94,0.59,2
0.94,0.61,7
0.94,0.62,7
0.94,0.63,1
0.94,0.64,1
0.94,0.65,1
0.94,0.66,1
0.94,0.67,1
0.94,0.68,1
0.94,0.69,1
0.94,0.6,2
0.94,0.7,1
0.95,0.55,2
0.95,0.56,2
0.95,0.57,2
0.95,0.58,2
0.95,0.59,2
0.95,0.61,2
0.95,0.62,2
0.95,0.63,7
0.95,0.64,1
0.95,0.65,1
0.95,0.66,1
0.95,0.67,1
0.95,0.68,1
0.95,0.69,1
0.95,0.6,2
0.95,0.7,1
0.96,0.55,2
0.96,0.56,2
0.96,0.57,2
0.96,0.58,2
0.96,0.59,2
0.96,0.61,2
0.96,0.62,2
0.96,0.63,2
0.96,0.64,7
0.96,0.65,1
0.96,0.66,1
0.96,0.67,1
0.96,0.68,1
0.96,0.69,1
0.96,0.6,2
0.96,0.7,1
0.97,0.55,2
0.97,0.56,2
0.97,0.57,2
0.97,0.58,2
0.97,0.59,2
0.97,0.61,2
0.97,0.62,2
0.97,0.63,2
0.97,0.64,2
0.97,0.65,7
0.97,0.66,1
0.97,0.67,1
0.97,0.68,1
0.97,0.69,1
0.97,0.6,2
0.97,0.7,1
0.98,0.55,2
0.98,0.56,2
0.98,0.57,2
0.98,0.58,2
0.98,0.59,2
0.98,0.61,2
0.98,0.62,2
0.98,0.63,2
0.98,0.64,2
0.98,0.65,2
0.98,0.66,7
0.98,0.67,1
0.98,0.68,1
0.98,0.69,1
0.98,0.6,2
0.98,0.7,1
0.99,0.55,2
0.99,0.56,2
0.99,0.57,2
0.99,0.58,2
0.99,0.59,2
0.99,0.61,2
0.99,0.62,2
0.99,0.63,2
0.99,0.64,2
0.99,0.65,2
0.99,0.66,2
0.99,0.67,7
0.99,0.68,1
0.99,0.69,1
0.99,0.6,2
0.99,0.7,1
0.9,0.55,7
0.9,0.56,7
0.9,0.57,7
0.9,0.58,7
0.9,0.59,1
0.9,0.61,1
0.9,0.62,1
0.9,0.63,1
0.9,0.64,1
0.9,0.65,1
0.9,0.66,1
0.9,0.67,1
0.9,0.68,1
0.9,0.69,1
0.9,0.6,1
0.9,0.7,1
